cod_pluvio	num_stazione	stazione	lat	lon	id_cella_radar	i	j
15201	200400	Abbadia S.salvatore	11,6722224212144	42,8888866989677	70677	148	117
13191	3800	Acilia	12,3666665603499	41,7833352712936	129293	270	173
13155	2300	Acqua Acetosa	12,4916669065563	41,9361101140593	121143	253	183
18369	247300	Alatri	13,3611111362811	41,730555311889	132255	276	255
12769	46800	Allerona	12,0344322407628	42,7725478154082	76467	160	147
15177	199600	Allumiere	11,9070493607773	42,159247328571	109575	229	135
12801	140000	Antrodoco	13,0804522200958	42,4218183821898	95272	199	232
15225	201200	Ardea	12,5422612166151	41,609640811463	138907	290	187
12980	109000	Armenzano	12,6991798221285	43,0716788222336	60681	127	201
18356	246900	Atina	13,7861110738676	41,6249996879795	138051	288	291
13168	2900	Aurelio	12,4666668393932	41,872220099136	124981	261	181
12858	81100	Azzano	12,7580954278603	42,8134063596257	74606	156	206
13107	391100	Barbarano	12,0686626803401	42,2512850609955	104309	218	149
12938	79600	Bastardo	12,5572221434377	42,8647206349558	71709	150	189
12916	27000	Bastia Umbra	12,5616666276137	43,0538874347683	61630	129	190
15198	354300	Bevagna	12,6087352297306	42,9364754150523	67874	142	194
15154	198900	Borgo S.maria	12,8131859209511	41,4634548629634	146610	306	210
12270	137900	Boville Ernica	13,5080556166895	41,6511107378769	136588	285	268
15186	199900	Bracciano	12,1749997876381	42,1013893925319	112477	235	157
18349	246700	Campoli Appennino	13,6749999563733	41,7347214800496	132281	276	281
12869	354500	Cannara	12,5851115338673	42,996948845748	64512	135	192
13153	2200	Capannacce	12,652777905823	41,9388883562975	121157	253	197
12994	148000	Carestello Meteo	12,5305555558412	43,2847222223624	49148	103	188
12923	79200	Casa Castalda	12,6587942525668	43,17971063919	54918	115	198
12943	79500	Casigliano	12,4980744796138	42,7174951302479	79865	167	185
13176	3300	Casilino	12,5444443874402	41,8750001741726	124508	260	188
18381	247700	Cassino	13,8402777819599	41,484722066884	145735	304	295
13163	2700	Cassiodoro	12,4722222560251	41,9027770516753	123062	257	182
12745	354400	Castel Cellesi	12,1525550960292	42,590366874654	86556	181	156
13197	153400	Castello Vici	12,2805718126247	42,0959187788615	112966	236	166
18373	247400	Ceprano	13,51961141	41,55397217	141869	296	269
12926	165300	Cerbara	12,2192409043681	43,50942345939	37123	78	163
27749	406700	Cerveteri	12,100677	41,995436	118231	247	151
12894	26500	Citta'di Castello	12,254027520387	43,4628343569247	40006	84	166
15180	199700	Civitavecchia	11,7934322146202	42,0914106595258	112926	236	126
18345	246600	Civitella Roveto	13,4250000561505	41,9155547695933	122661	256	261
18365	247200	Colleferro	12,9772222313229	41,7611107644069	130783	273	223
12758	391500	Collegio Romano	12,4793962876572	41,8995569543587	123542	258	182
15885	77500	Collepepe	12,4236883988625	42,9341954396172	67859	142	179
12913	26900	Compignano	12,2846809350548	42,948871372027	67367	141	167
12763	63600	Corbara	12,2374889719469	42,6988583957727	80803	169	163
13166	2800	Eleniano	12,5166668254058	41,8888881137214	124025	259	185
13178	3400	Eur	12,4944443110263	41,8250007073185	127383	266	183
13193	3900	Falcognana	12,5611111305056	41,7555562690572	131229	274	189
28951	419600	Fidene	12,4948	41,9699	119704	250	184
13148	1900	Flaminio	12,455555557	41,997223337	118260	247	180
13020	152000	Foligno	12,6794446759867	42,9538869360255	66920	140	200
15243	192100	Fondi	13,4283331300478	41,353612889178	152421	318	261
12941	79700	Forsivo	13,0141665526348	42,8002780635545	75107	157	227
15234	201500	Fossanova	13,1949766873978	41,4348476495093	148081	309	241
12752	391600	Frascati	12,6866666448615	41,8069437997784	128359	268	199
13174	3200	Fregene	12,1944443749536	41,8527762537676	125919	263	159
12900	30100	Gubbio	12,5634794837434	43,3424290748582	46270	97	190
13189	3700	Isola Sacra	12,2333332966533	41,7666685422975	130242	272	162
13222	73900	La Cima	12,1510399555598	43,2312182738265	51997	109	157
13146	1839	La Storta	12,6302199506095	41,911731396	122595	256	195
15237	201600	Latina	12,9077776446674	41,4688896675568	146138	305	218
15207	200600	Leonessa	12,9457237463071	42,5853734035494	86621	181	221
12789	108300	Lunghezza	12,6684868977278	41,9284416329237	121638	254	198
15161	199100	Maccarese	12,2342832803171	41,8833908267769	124002	259	162
12816	138400	Marano Equo	13,0225570720014	41,9950159493672	118307	247	227
15156	199000	Mignone	11,7861111525017	42,1958319774854	107645	225	125
13220	107900	Moiano	12,0220078040098	43,0078615235782	63986	134	146
15167	199300	Montalto Di Castro	11,5997258668668	42,3551479821021	98990	207	110
13015	168300	Monte Cucco	12,7462362714761	43,3691588588587	44845	94	205
13157	2400	Monte Mario	12,4525001985242	41,9222207250971	122100	255	180
15174	199500	Montefiascone	12,0275245330714	42,5349705541179	89426	187	146
12891	26400	Montelovesco	12,4194444388041	43,3086125926629	48179	101	179
13127	164000	Nerola	12,7861110872738	42,1652770945517	109168	228	208
12907	26700	Nocera Umbra	12,7905553856941	43,119721518752	58289	122	209
15222	201100	Norcia	13,1033354216983	42,8023246187449	75114	157	234
12734	391800	Orte Scalo	12,4093633494307	42,4439443794938	94257	197	177
15204	200500	Orvieto	12,1196695949327	42,7230131318467	79354	166	154
12766	81300	Orvieto Scalo	12,1372762313629	42,7257518731794	79355	166	155
13195	4000	Ostia	12,288888789067	41,7277792513238	132646	277	166
13172	3100	Ostiense	12,4777776987551	41,8722216565489	124982	261	182
13152	2100	Ottavia	12,4111111524495	41,9527776298351	120657	252	177
18353	246800	Pagliara	13,1583332936123	42,0055554514482	117838	246	238
13364	74800	Passignano Alta	12,1347186689847	43,1888777651274	54395	114	155
12872	353900	Perugia Santa Giuliana	12,3883332655403	43,1058317201415	58736	123	176
12988	148200	Perugia Sede	12,3911324875284	43,1147248469246	58256	122	176
12897	26600	Petrelle	12,1619443019697	43,349165607385	45758	96	158
27241	168000	Pierantonio	12,3904809959497	43,2541116861482	51056	107	176
15164	199200	Pitigliano	11,6006380642746	42,5948128552374	86031	180	111
15216	200900	Poggio Mirteto	12,658763628532	42,2561442362815	104357	218	197
12760	354200	Ponte Felcino	12,4546946050181	43,1566160436468	56341	118	181
12775	45200	Ponte Felice	12,4619009367854	42,3515026646637	99061	207	181
13180	3500	Ponte Galeria	12,3422222753786	41,8172229660866	127851	267	171
12778	45300	Ponte Nuovo Di Torgiano	12,4300001741331	43,0111117569794	64019	134	179
12876	25200	Ponte S.maria	12,0216667862749	42,8958328271323	70226	147	146
12772	47200	Ponte Salario	12,5094345439084	41,9404816868371	121145	253	185
21070	247600	Pontecorvo	13,6658333553308	41,4527772119907	147161	307	281
12883	25300	Ponticelli	11,9690654840844	42,9308993230657	68302	143	142
23976	323600	Porta Portese	12,4714516198101	41,8816606366877	124022	259	182
15213	200800	Posticciola	12,9411187411849	42,233172617011	105341	220	221
13130	185400	Pratolungo	12,6001041056484	41,937325691273	121152	253	192
13170	3000	Regillo	12,7416667775328	41,8666670327299	125004	261	204
12804	140100	Rieti Idro	12,8719444584496	42,402775592182	96695	202	215
12936	79800	Ripalvella	12,300638814404	42,8431033092922	73129	153	169
13099	391200	Rocca Respampani	11,9330556137462	42,3830548874379	97578	204	138
12825	142900	Rocca Sinibalda	12,9175000201885	42,2838880832265	102939	215	219
21069	247500	Roccasecca	13,6486111083554	41,5355547936176	142839	298	279
13159	2500	Roma Est	12,5722222516438	41,919444227511	122110	255	190
12786	111600	Roma Macao	12,5089564497239	41,9050001566315	123065	257	185
13150	2000	Roma Nord	12,499999932	41,961111276	120184	251	184
13182	3600	Roma Sud	12,4194445250075	41,8111095017062	127857	267	177
20885	271400	S.ambrogio	13,8356944462706	41,4445278158279	147655	308	295
20922	271700	S.angelo Theodice	13,8258333964384	41,4130551731149	149574	312	294
18360	247000	S.apollinare	13,8305555167294	41,4027775388256	150055	313	295
12920	79400	S.benedetto Vecchio	12,440555525602	43,4194439382683	41941	88	181
12934	79300	S.biagio Della Valle	12,2802953970084	43,0162397457726	63527	133	167
21520	136500	S.castrese	13,8411111157732	41,2822221253987	156295	326	295
13205	75000	S.savino	12,1869612622086	43,1065003012297	58720	123	160
12945	79900	S.silvestro	12,6818465423864	42,7611558026211	77480	162	200
12782	45400	Sabaudia	13,0292962787106	41,2998888563531	155268	324	228
12828	143300	San Martino	12,9918562331052	42,3282276316575	100545	210	225
15231	201300	Sezze	13,0606278549092	41,4996269085846	144710	302	230
21519	136300	Sora	13,6152777973149	41,7219439236502	132756	277	276
27838	391300	Sorano Meteo	11,7194443516945	42,6833347433267	81241	170	121
15195	200200	Spoleto	12,7455553940227	42,755556239591	77485	162	205
13228	73800	Strada Prov.302	11,952777777739	43,1611111110524	55821	117	141
12809	140300	Subiaco	13,0920751394997	41,924393144724	122153	255	233
15219	201000	Subiaco-scolastica	13,1066665701753	41,9213908650286	122154	255	234
15171	199400	Tarquinia	11,7436352227989	42,2582326995227	104282	218	122
27246	354900	Terni	12,6507460560981	42,568401707058	87557	183	197
15240	201700	Terracina	13,258238248415	41,2880607444644	155767	325	247
12750	392100	Tivoli	12,7986111008056	41,9644460164612	119729	250	209
12910	26800	Todi	12,4099998852726	42,7863908149615	76017	159	177
13136	104900	Tor Vergata	12,6275931229923	41,8529820068465	125955	263	195
13091	391400	Torrita Tiberina	12,6214772263946	42,2363708068434	105314	220	194
15183	199800	Tuscania	11,8743155047074	42,4189615484343	95653	200	133
15192	200100	Umbertide	12,3399998984039	43,3105549499106	48172	101	172
13040	168200	Vallo Di Nera	12,8652069934747	42,7702475081032	77015	161	215
15228	201400	Velletri	12,7781041550814	41,6877817314917	134607	281	207
13161	2600	Via Marchi	12,4247223007804	41,9361103742146	121138	253	178
13234	73700	Villastrada	12,0111111110756	43,0472222221712	62065	130	145
12798	134600	Viterbo	12,106388979193	42,4197206193895	95672	200	152
